created=2026-07-16T13:34:47.805494
config=QuantBeast.BOCompressionPct.XAUUSD.M5.20260716_1334.ini
agent_log=/Users/matt/Library/Application Support/net.metaquotes.wine.metatrader5/drive_c/Program Files/MetaTrader 5/Tester/Agent-127.0.0.1-3000/logs/20260716.log
pre_size=14499856
pre_mtime=1784223052.3933172
